1073741824S,0C
0 0
82062 1
81563 1
105420 1
121315 1
113136 1
122422 1
128136 1
125597 1
186523 1
106578 1
92317 1
120394 1
97898 1
106698 1
115590 1
135931 1
128266 1
128465 1
99436 1
101785 1
114609 1
101142 1
116045 1
130746 1
438 1
142777 1
4298 1
139504 1
13500 1
198210 1
5845 1
6201 1
5363 1
5847 1
17230 1
4650 1
4940 1
137630 1
10161 1
5698 1
4999 1
5131 1
18428 1
6045 1
5381 1
141430 1
8306 1
15559 1
4514 1
112664 1
330476 1
6057 1
5796 1
112658 1
97884 1
5028 1
6317 1
115453 1
115429 1
4739 1
423966 1
424128 1
136808 1
115358 1
4288 1
4278 1
5122 1
4458 1
4523 1
6768 1
5597 1
131660 1
115062 1
446097 1
119775 1
5810 1
5047 1
131119 1
175062 1
4160 1
130570 1
167803 1
96259 1
337432 1
4847 1
5614 1
98747 1
34938 1
5674 1
101640 1
107688 1
5186 1
5223 1
3654 1
119128 1
277497 1
5787 1
90431 1
750509 1
430438 1
118583 1
102207 1
348188 1
37809 1
5780 1
3446 1
4668 1
5100 1
144187 1
5605 1
96560 1
117903 1
115682 1
113314 1
5655 1
446670 1
6214 1
139209 1
98014 1
9377 1
123317 1
4461 1
6216 1
116354 1
3763 1
103858 1
115951 1
5167 1
5494 1
5531 1
5694 1
123256 1
103468 1
97919 1
143414 1
110877 1
5207 1
5627 1
4357 1
4681 1
14023 1
154222 1
5677 1
110877 1
4931 1
117386 1
6180 1
5492 1
97957 1
97563 1
6262 1
4943 1
3357 1
184117 1
6938 1
5546 1
5077 1
114013 1
3212 1
123735 1
126545 1
4938 1
4572 1
146245 1
15055 1
129202 1
146270 1
3302 1
5148 1
120056 1
123144 1
17810 1
3724 1
151947 1
253798 1
171549 1
115929 1
21642 1
127843 1
5481 1
5125 1
156211 1
193460 1
127825 1
5956 1
137063 1
18485 1
6576 1
19285 1
12930 1
6152 1
107529 1
3543 1
4349 1
168340 1
137078 1
137083 1
137043 1
7277 1
117928 1
412544 1
257632 1
144157 1
129498 1
156339 1
5731 1
17081 1
6055 1
385082 1
144162 1
168182 1
22219 1
114095 1
376846 1
12929 1
90310 1
144310 1
410211 1
5346 1
131588 1
6088 1
104540 1
6090 1
113513 1
164758 1
440535 1
358913 1
6095 1
146990 1
4432 1
225156 1
82338 1
3632 1
159067 1
5319 1
3300 1
16527 1
5443 1
117348 1
151246 1
14247 1
330654 1
121624 1
141944 1
123740 1
3346 1
180615 1
146861 1
3453 1
153912 1
133448 1
115045 1
126999 1
4676 1
4935 1
26654 1
6271 1
130064 1
23394 1
115419 1
122508 1
104890 1
133649 1
3285 1
195498 1
17482 1
129724 1
13815 1
5607 1
113615 1
168370 1
132525 1
168371 1
129949 1
4899 1
6091 1
4490 1
111488 1
144865 1
96342 1
144825 1
8111 1
142919 1
141671 1
152669 1
3760 1
121817 1
134520 1
133490 1
5153 1
3830 1
12110 1
104937 1
91240 1
190481 1
142279 1
135327 1
91233 1
133688 1
126612 1
190476 1
4686 1
15077 1
143962 1
15057 1
4680 1
159937 1
3850 1
5419 1
120482 1
138891 1
115462 1
5558 1
321985 1
78419 1
190475 1
122504 1
3828 1
5244 1
5251 1
6472 1
147841 1
115730 1
190597 1
385452 1
5381 1
107788 1
134188 1
81105 1
5955 1
141580 1
4405 1
572995 1
3280 1
5290 1
489438 1
190723 1
122792 1
36414 1
190475 1
396044 1
557888 1
4425 1
4948 1
134238 1
3888 1
111172 1
6413 1
4473 1
249567 1
6586 1
190506 1
4808 1
3528 1
4027 1
468554 1
134458 1
3640 1
130485 1
5020 1
468574 1
7099 1
3558 1
137757 1
120414 1
13342 1
468828 1
151683 1
296942 1
2287 1
469371 1
81182 1
5099 1
126935 1
469372 1
131658 1
3478 1
462398 1
3393 1
359417 1
3337 1
3380 1
125534 1
111604 1
110955 1
5428 1
179500 1
10382 1
207619 1
453519 1
207581 1
157786 1
157786 1
3342 1
90571 1
278762 1
453488 1
115389 1
145062 1
223895 1
278762 1
3333 1
143664 1
223893 1
131711 1
145308 1
285259 1
5051 1
129863 1
655877 1
6196 1
133841 1
150414 1
228079 1
3504 1
129945 1
105341 1
285319 1
127455 1
5722 1
3404 1
158218 1
133921 1
3491 1
151289 1
5752 1
118155 1
9525 1
5228 1
3465 1
140288 1
202191 1
142490 1
6770 1
5129 1
142167 1
5128 1
145221 1
6046 1
580674 1
580674 1
201959 1
192984 1
122482 1
4850 1
100906 1
196709 1
4066 1
7550 1
131735 1
140272 1
6062 1
